696
41.527
11.7166
86.9444
9.39165
23.8897
21.0789
15.1436
23.3891
23.41
3.3683
13.3238
23.2853
68.3969
4.87306
47.2574
13.5703
84.7486
12.3198
97.968
8.21269
51.9399
24.3491
61.8603
8.91908
74.8338
11.5755
47.6609
23.9266
12.9402
5.13788
82.2745
5.923
15.5905
25.4649
62.2596
13.8104
10.6397
10.0391
10.0397
12.7129
51.2587
23.8881
75.4966
18.7944
44.7228
25.1976
97.5664
17.3555
10.8798
16.2996
66.7179
23.0319
61.6263
17.6288
1.75157
14.0412
73.6198
22.6674
53.2651
4.33301
11.0738
17.8227
70.3123
24.1354
12.1525
14.9707
30.5161
4.20517
9.59418
22.8889
35.1343
4.71516
17.3884
9.26509
14.8781
24.289
52.9024
15.8203
1.83001
25.7073
57.8802
3.52112
76.601
3.90996
41.4264
1.73196
40.2535
3.55704
35.0949
12.049
15.3706
6.19589
19.2075
7.61203
1.42646
8.41002
15.343
15.9184
52.167
9.17558
49.2109
1.99775
61.0886
10.3998
69.7161
18.3063
15.0551
3.01632
50.8943
24.8193
80.4929
5.86457
76.652
9.32361
14.3514
19.3797
17.8398
2.64672
67.9581
17.7482
3.87322
5.79793
33.6801
21.6893
84.6201
6.57759
99.3906
21.7533
16.3967
17.7962
43.9898
7.81908
22.3332
24.8313
67.8833
22.2826
20.2246
19.2106
17.9347
11.9493
83.8084
7.24652
86.4212
1.46462
9.8882
7.74076
88.4971
19.4938
21.0933
18.9622
1.66089
2.9609
43.4806
17.0595
6.74683
17.4212
16.6902
23.2145
13.551
3.06381
66.7617
3.87612
69.9368
19.5288
75.2259
1.42008
16.278
10.7425
17.6727
15.044
92.6485
23.3681
49.4758
25.8334
41.9698
18.7623
44.9872
13.7262
97.9318
14.3647
60.9149
8.09562
24.7339
11.687
75.8421
25.7137
54.8068
3.20153
84.1931
1.719
25.2455
15.5165
46.0003
4.64136
79.0883
10.428
24.7025
16.8526
89.5151
4.88467
41.2987
21.8706
93.3466
15.8558
28.5023
8.06435
40.5584
15.8184
18.5938
5.15226
96.6759
16.191
74.6528
7.20629
69.1873
7.85082
40.1901
13.8396
5.27411
13.0365
89.0953
3.21732
62.2654
18.1161
11.7535
24.4363
54.4955
22.7269
68.1657
22.2008
59.216
24.6632
86.8144
21.7187
93.3637
5.87668
90.4704
17.4357
53.6431
3.8006
13.0516
5.18737
48.5605
2.9595
46.9244
25.6673
47.6979
25.4484
70.9137
25.4151
32.1209
25.6472
1.47411
22.3652
1.88191
25.5654
2.9842
12.3169
12.4799
7.86423
93.8429
3.51745
77.4918
18.7935
41.9248
19.98
15.3116
11.2613
50.9413
14.2322
74.7814
3.23107
79.9294
11.4713
23.1028
19.385
88.9618
25.2526
3.33218
14.1387
83.5521
3.40644
76.5003
6.797
18.2701
2.70956
3.33673
16.0238
83.5538
11.9872
10.6607
8.25102
11.9637
20.9725
22.764
7.12055
33.1044
9.65933
93.5603
23.4325
65.3949
16.2232
34.1213
8.03455
29.533
9.94644
43.6885
25.3266
77.4182
13.1701
4.0449
10.1907
80.4885
6.47781
76.5561
2.80615
47.6226
12.8168
44.7144
20.6173
93.338
10.8991
16.4442
19.8787
81.8422
19.0447
86.3497
10.325
75.5603
18.5114
59.3186
23.266
8.06525
25.5266
41.557
3.6011
43.1093
13.8042
98.5781
17.2363
97.8253
6.34288
15.0424
24.4564
68.7262
16.897
36.1525
16.7267
3.72295
18.482
74.2106
24.5107
29.7705
7.42056
22.84
3.25413
89.7081
9.37255
58.1929
4.12821
46.1814
7.30588
13.6647
23.735
65.4751
14.4388
45.9006
16.4872
45.6334
8.92723
49.5876
9.25009
72.7332
6.48015
54.376
10.576
75.2367
8.04992
93.0304
8.84459
65.614
8.14243
76.4699
13.7659
17.4631
1.86239
15.6267
23.1535
97.3092
21.7016
60.6301
5.86598
63.1923
18.9595
48.2698
7.95658
47.1668
25.5245
23.7694
4.67913
1.27766
23.486
23.682
14.2708
49.9766
6.85293
11.648
7.86604
36.5068
24.5929
9.01001
14.377
43.0696
22.0961
27.8362
2.78802
97.0515
14.3068
30.026
5.91704
98.0206
7.71085
44.5091
4.72794
82.5562
5.73998
86.6045
4.48155
9.08193
14.0573
83.009
14.2217
82.4695
25.3415
36.1273
4.53986
93.4463
19.0459
11.8215
8.34973
4.41684
6.53836
17.0684
13.0723
38.3063
14.2112
56.151
3.35006
62.1905
7.39905
93.6619
4.79918
65.7597
22.6262
55.3568
15.093
92.0301
4.3652
79.432
3.59066
78.3857
7.6198
26.6556
1.61552
32.1054
16.3741
66.2805
9.76935
95.7105
14.0917
83.8161
5.543
65.0502
25.5724
15.3312
14.3569
80.3838
5.43515
22.5271
14.3776
44.5373
4.85128
85.777
22.5416
24.6511
24.2642
36.9912
7.66544
11.3419
8.19956
14.6499
5.1682
95.6133
21.4777
22.8952
22.6162
99.5326
5.80504
38.5268
18.1434
33.3918
14.4399
63.4607
23.6253
51.9123
2.6632
72.1215
19.8893
44.5407
2.86218
36.6581
19.2571
94.4505
15.0712
94.7693
20.4153
66.5475
15.3618
34.4083
5.84725
18.0268
5.98943
70.6421
1.20119
20.5476
10.3861
40.0327
8.09262
71.5069
18.4432
81.5436
20.3013
30.0721
24.8328
44.1809
14.5609
20.2086
13.5105
54.2043
18.648
61.5425
2.77067
76.4721
22.4682
84.3741
23.4201
29.2782
11.0906
93.9821
25.1654
72.5235
10.5744
53.0685
1.15292
81.3673
22.4477
41.4678
8.00493
36.9856
15.2004
68.9087
2.18953
65.5571
13.1453
96.0278
22.4244
3.42309
4.33556
49.7046
7.50931
71.0881
21.7764
33.0221
3.05764
41.2446
9.60227
20.9552
7.75372
28.0252
3.8528
75.5914
4.35267
31.3962
13.6363
3.8949
2.54678
65.9943
18.1377
29.1814
12.0778
36.8535
19.9149
78.5904
3.64213
65.5469
9.17473
52.7518
25.3644
86.9199
8.96887
10.9381
2.91422
29.2693
17.08
43.2736
2.11215
4.29772
14.9672
58.8501
20.5956
39.3313
12.1944
52.1879
15.6424
26.5807
23.3018
3.07683
2.79297
95.8112
2.90521
82.4017
25.4963
51.6291
1.03508
55.1417
10.1425
18.5809
5.41138
48.6539
24.2898
9.37962
3.19258
41.876
3.57673
70.5902
2.68275
95.7201
15.9698
2.01921
4.85843
50.2636
24.9955
75.3521
17.2682
65.6823
8.89188
16.4445
24.4073
91.4377
12.7472
56.6571
15.8187
15.3661
4.73419
95.7541
5.76716
20.7887
16.4546
21.5074
24.8077
34.8236
13.0797
26.0574
10.8521
65.0484
3.08275
74.4619
13.3293
38.7564
22.9072
56.8738
15.6548
81.152
11.5072
18.9267
2.7116
40.4528
14.9669
27.8396
22.2379
64.8493
13.612
9.25405
5.44044
40.2072
12.8674
22.0776
15.4693
9.56077
2.01774
17.0677
25.9251
30.9631
9.8827
45.2939
1.51755
14.3664
9.64892
40.7838
2.89083
52.1998
14.6844
20.2259
5.10059
20.0371
6.17261
98.8749
17.6391
75.8178
6.3221
27.4659
18.3651
86.963
22.4925
47.1765
19.6686
76.9258
8.37009
61.6353
4.70755
53.4776
20.3077
52.3087
10.3337
90.0574
3.64325
31.8761
22.2832
6.60892
8.26553
3.55142
8.86616
11.4246
15.7111
16.9303
21.7768
92.2015
5.39914
79.919
15.3102
35.0074
1.84406
89.4319
2.2766
14.4953
2.10397
55.9114
14.0667
93.6029
8.3704
35.7355
23.7278
86.0051
7.89475
30.944
21.9012
15.4951
15.8367
4.78775
18.6171
42.0502
15.3921
79.3714
1.83861
92.2852
5.53134
53.6101
18.4359
63.3344
1.87301
8.65312
10.3952
69.4593
16.3441
73.1759
3.60664
31.5747
17.7081
19.664
5.38118
36.2954
7.67043
43.7968
19.8587
81.9904
16.2013
61.2177
12.1848
87.978
17.3417
68.8579
12.872
16.2419
3.71923
15.0765
2.09881
74.2761
2.56802
90.6849
7.79297
98.5264
8.86968
98.3035
3.92574
70.5987
4.64747
90.7306
6.20022
52.8265
5.24015
27.3729
24.4305
27.3729
24.4305
95.3506
17.6931
16.0079
2.39395
28.3719
23.501
84.3577
1.2878
75.4927
14.545
60.6239
7.2222
61.2193
24.9078
97.9875
6.22089
83.6711
7.51919
97.8154
5.51528
8.59933
10.0068
69.6451
13.0342
48.1133
13.3181
61.2386
1.00901
57.2481
17.1872
3.02654
4.37233
74.463
13.8409
49.4341
15.1411
53.9619
6.4483
45.5853
18.9105
95.8767
18.0298
33.4417
7.37279
87.6354
11.597
95.6444
9.92244
82.56
2.50411
1.16563
18.262
12.8599
6.72351
42.3988
18.0445
94.229
18.4398
30.6478
14.0189
65.4901
12.9958
48.9029
17.4313
36.1037
11.592
43.2117
8.99335
27.1474
4.74525
8.17495
19.0106
69.5713
11.3973
62.8129
16.7283
47.4561
19.0165
2.31272
20.399
78.8681
18.9563
86.5626
16.6608
46.2501
24.1873
14.8123
19.5558
31.1245
24.1456
75.8193
18.0402
68.4685
3.44379
78.5829
14.1524
88.4634
1.25376
69.7821
5.01311
59.7471
21.0824
24.146
19.6289
61.937
11.0886
48.2237
8.4965
92.7832
4.04611
62.091
2.39729
23.3554
25.375
11.1527
4.8129
62.9751
8.19903
38.5354
23.365
56.9318
9.30072
97.7915
14.463
95.4137
23.73
1.16125
18.8475
26.5609
4.35418
64.519
16.4531
14.7594
22.6914
79.7574
2.79083
34.6207
21.3429
47.1942
5.39019
35.296
17.9783
32.8476
11.6762
38.2666
14.1537
89.5079
17.2027
84.6741
4.0635
2.84468
21.3096
14.3173
1.6291
51.5093
23.5153
8.0000
13.1150
58.8105
21.9682
63.9692
24.2311
36.8484
1.60311
65.0422
1.55672
19.8806
21.8027
41.9007
1.07426
79.418
5.05723
77.8803
13.8386
87.8553
22.8833
61.9104
10.261
8.31544
21.5503
60.5464
22.2426
24.3499
20.2469
21.2809
17.3654
21.3882
1.47843
12.8348
2.80779
15.6117
9.48851
3.38236
19.0476
67.6549
11.5058
28.1955
6.1624
90.0513
12.4548
22.9856
13.5001
76.6662
21.6543
93.3694
4.32446
32.7439
2.93221
29.5999
6.50371
80.6127
18.4584
11.1792
1.51936
51.632
6.67018
96.5292
8.72443
54.1973
21.6357
18.4247
20.3659
27.9658
2.00918
5.27432
7.73642
50.8476
4.01445
56.7273
21.6003
92.0563
2.31381
78.5233
4.11231
5.78864
10.7564
38.9264
16.0435
13.7107
24.4263
3.14909
3.24994
48.8721
2.59775
91.9444
21.7306
11.5628
8.24549
56.9283
9.04211
44.4051
23.6415
35.9186
15.1053
54.2663
20.8644
85.6504
22.3321
95.9765
17.0948
29.5669
12.6842
2.12835
10.7929
7.49751
16.496
25.703
11.2556
34.4387
23.3864
8.0194
2.27464
48.9662
17.6058
51.9857
17.784
88.904
11.6271
58.6551
25.9812
86.9679
20.4645
8.24431
24.8041
20.8631
12.6673
32.77
18.7987
18.1476
18.3255
4.11285
8.44575
74.4562
7.56493
90.229
10.1475
94.6106
20.0358
86.8137
1.16724
74.2224
18.2693
97.8531
17.4246
80.6411
24.982
5.43948
3.21767
32.8967
8.05284
82.4597
8.21726
60.3869
24.0483
9.48053
4.17917
47.8446
25.8219
85.1646
24.1682
44.8561
2.43533
84.3699
7.35985
62.0494
10.1908
81.8862
23.9839
16.9499
3.43784
22.8307
15.1548
91.4833
19.8183
21.7113
9.68014
34.4123
22.6912
6.73816
13.4217
47.0685
6.40322
5.90939
13.5759
50.3982
18.9837
99.2782
9.13935
59.0528
9.10639
59.7973
6.04479
55.9937
6.09361
55.3303
9.53621
88.335
5.81001
1.31002
19.0719
98.3551
25.4879
45.5801
24.2366
20.3624
5.38775
37.7259
16.7696
4.40522
19.087
5.42343
11.7986
5.68992
4.41998
32.1815
13.1202
19.4563
9.92256
17.6999
2.25538
61.4441
22.1203
64.0734
15.0365
33.3144
6.58987
77.5945
15.5532
43.0386
21.0229
39.6953
2.84599
87.9841
15.8532
53.7379
10.2177
98.3826
13.0738
51.5126
25.2604
86.4712
11.5635
22.4671
18.7367
67.4808
7.52943
68.436
11.1632
67.5832
11.8964
65.8805
13.1566
90.5081
25.7458
26.0037
22.4053
3.19936
7.42616
58.8539
15.5065
82.924
23.5542
28.9714
12.6798
61.36
17.7003
32.0973
10.3621
88.5137
1.77707
85.3297
23.8278
77.0407
7.32005
13.2013
12.3956
59.364
7.77436
48.6144
6.89606
95.9017
18.5192
91.1631
11.2109
30.3098
14.7782
14.8363
18.5472
84.2806
6.17527
37.4701
12.629
26.7062
8.65831
82.5866
3.12539
54.4875
16.7166
20.3777
7.91533
63.795
6.13119
39.445
1.6219
33.8492
16.5614
85.2464
25.7002
96.2791
3.18332
85.434
8.24213
80.442
19.191
66.3099
11.2605
23.3958
4.33028
83.8377
16.9508
2.18568
7.23877
23.6852
25.0773
29.6428
25.4284
32.346
6.61495
25.1427
12.1896
55.0371
23.3911
41.2998
21.4969
17.6176
2.82852
96.4054
20.0522
47.0108
19.5206
80.7428
15.1173
37.9013
4.50105
20.3971
7.52481
57.7023
6.04537
61.0937
10.8243
11.9513
20.3835
30.5879
10.2937
45.8715
16.0229
2.96808
21.3085
37.1857
10.2185
53.0141
15.4798
55.9493
8.97257
8.70524
11.0512
45.3336
23.9849
22.6285
3.00701
37.3761
5.90187
52.4897
21.3679
9.92958
20.1798
63.1424
4.6324
11.3657
16.2494
93.5564
24.7389
80.761
17.2444
72.1356
24.3334
10.1036
2.92226
17.1033
17.1244
46.2149
19.6659
4.91925
19.8451
7.13995
21.5395
30.012
9.6257
60.5088
5.44543
57.5872
2.09117
93.0965
4.70907
77.0828
12.4684
47.5218
2.91067
86.1392
5.77194
22.7997
7.23803
56.735
20.8391
47.4254
2.21084
48.8961
8.59693
72.5937
23.6944
